,great,time,man,hand,day,men,eye,night,foot,place,moment,thought,light,long,water,hour,face,head,sea,strange,land,life,stood,captain,looked,turned,body,heard,heart,left,arm,earth,knew,red,black,surely,presently,door,set,maid,house,air,year,people,mind,sound,good,rock,lay,suddenly,room,uncle,tree,mighty,began,passed,voice,matter,dead,creature,martian,nautilus,white,wall,cried,mile,felt,professor,dark,ground,fear,told,work,small,green,death,asked,human,utter,love,hope,minute,slowly,lost,power,monster,save,darkness,fell,sun,sight,city,sir,open,animal,close,point,road,replied,silence
great,-4.868912979369746,-1.370803594332258,-2.1318561937088734,-2.5326888628859794,-1.837237989300962,-1.4380997350084712,-1.9121211594580567,-2.64177094044008,-2.8083883723633654,-1.9177579173853592,-3.019825044570041,-3.7085877653729242,-1.6268267935499863,-3.622614542263072,-1.4380129641883153,0.38773414602939005,-3.07820613989255,-1.4951998361367205,-0.13211672554540801,-1.5728319039092564,-2.5284923648985216,-1.6513858697138506,-1.0102756026106103,-2.4659166999927447,-3.1820419508770903,-3.1666939865436543,-0.45468635088470605,-2.6946099878164715,-3.1096474870953155,-2.350439482572809,-3.0228115502310144,-2.9948389580029424,-3.5776270874897613,-1.3879838514329437,-0.7483462868660005,-1.7439208384852052,-1.7372571082041945,-0.9326824819403728,-1.1774546813814384,0.0,-1.3016235666297624,-2.140221775182463,-2.133132350396144,-1.8582042659810964,-2.8558137185561026,-1.4311742201659592,-1.616575625781731,0.4902402736853412,-0.5798014587240985,-2.0427052692682004,-1.5496919476261517,-2.733541692705206,0.0842675869895649,-0.21005632704668675,-2.7072623679063574,-3.2895704151815353,-1.9676423202941729,-2.278903490129679,-1.2518859394911994,-1.243681016669476,-1.6393902550138983,-3.2243527557350546,0.3047794583649046,-0.8828339324898112,-2.167658032714434,0.2657144583270968,-1.5416404637305074,-2.5356789054917908,-1.5356789054917908,-3.0995797906851172,-0.2615932499738498,-2.449522261742076,-2.0185432185942105,-4.005661927297479,-1.002423553230934,-2.9893968729346945,0.0,-2.962985242103899,-0.6209261921103018,0.15138178284810186,-1.590193064570694,-2.912121159458057,-2.323703100100681,-2.9052017455182657,0.105240001203381,-0.431830935923095,-0.5517189167560581,-1.526690122264536,-2.8450069635995194,-1.0304023024625275,0.0,0.6399597471449152,-3.815786824684526,-0.9973199475066974,-1.4602627605255598,-3.7746176357081214,-2.763182740645838,-0.06274302250474609,-2.763182740645838,-0.05121676912371829
time,-1.370803594332258,-1.5522681395726399,-2.703420336478197,-2.40381328751421,-2.0562857173495,-2.589332078829438,-3.7832455840862877,-3.3202502871259156,-2.679512796991597,-2.078388959208575,-2.0429525626433223,-1.3573197686647078,-2.275558796841769,0.7541885465522828,-2.687649012070276,-3.975243374928516,-2.627402469633419,-2.8257558794022493,-4.8105960722312435,-2.443956328537488,-2.7215448844141155,-2.370507200897032,-1.5188299478541334,-3.6589692195083385,-2.316200781339115,-2.6227809118930416,0.0,-1.2438063175573404,0.0,-1.22156390720104,-2.4788984755804018,-2.128997788464967,-1.8637890113968365,-2.4290332775034877,-3.426825633551836,-2.4224001851710404,-3.41573645489003,-3.38876940728976,-1.5631522788394279,-3.3520108572796428,-1.7577104919791504,-2.7483117939769004,-1.3261848699117373,-2.3142911913304838,-1.7269381431843338,-1.132373643351878,-0.5946152543264743,0.0,-2.673318304688778,-2.650795288062638,0.0,-2.189628618054593,-4.179174260417427,-1.846715498037895,-0.9934242918134318,0.4242676609113896,-3.1606948398097665,-1.8280998198705478,-2.1230103641194304,-2.5298429405765512,-1.2881222583056817,-4.095477180363286,0.0,-4.075886452005405,-4.038782457342665,-3.997727389079895,-1.190372467022291,-3.991765830841178,-2.991765830841178,-3.9707042153133485,-2.355110095938529,-1.9056091870914635,-3.889667643222442,0.0,-3.873547977859165,-2.275558796841769,-2.2524751837287282,-1.5121815718447675,-2.8139787116258956,-3.807205483030469,-3.7832455840862877,-1.7832455840862877,-2.7797900254500685,-0.19136366942534097,-2.76588442342485,0.0,-0.4228433413842895,0.0,0.0,-2.123919148427207,0.0,-2.6905962961206136,-2.6869112493127574,-2.675799294192533,0.0,0.0,-3.6343071652740693,-3.6343071652740693,-2.6343071652740693,-1.3008528170056795
man,-2.1318561937088734,-2.703420336478197,-1.1232535023586896,-1.081034296087355,-3.02301334311763,-2.3190205072967185,-1.4160724733009789,0.0,-3.7717713048435852,-4.755609967781719,-3.135211070495311,-2.671970697853144,0.0,-2.5859974747432912,-2.931910613367315,-3.482539382059348,-1.6492716495940098,-2.0111237916457188,0.0,-1.6882179298345266,-2.2288408915449476,-0.49929158477413454,-1.196050956427278,-4.166265226639171,-1.5604623826361539,-0.9601519175815614,-1.4960717953661988,-4.073030419575535,-1.7511023246881727,-2.0507880092192345,-1.986194482711234,-0.958221890483162,-2.9560475192488247,0.8710256374232844,-0.027231045074149543,-1.3447336915807169,-2.338069961299706,0.0,-1.8778032080278642,-2.274344363689319,-3.849968999831139,-3.840570301828889,-2.2485183763214134,0.0,-1.819196651036322,0.0,-1.8023509795983987,-3.795070753682241,-0.3061451939034691,-3.743053795914627,-3.7354673014428195,-2.6969246251854258,0.0,-3.6759396000560898,-3.670645300386577,-1.0830283462194426,-1.6679908469405986,0.0,0.5396186301920497,0.0,-2.017810686772962,-3.602773187494118,0.4027970705488282,-3.5831824591362373,-0.7387235424158938,0.0,-1.9200608954895713,-1.1771337430846478,-1.1771337430846478,-3.4780002224441806,0.0,-1.4129051942222959,-3.3969636503532743,-0.7991198583353858,-1.7958814842688413,-2.367817304693758,-1.0228055966933538,-3.3414056738629623,-2.3212747187567278,-1.314501490161301,-3.2905415912171203,-1.705579090495964,0.0,-1.283622177277329,-2.2731804305556826,-2.2696829863194554,-0.9301393485151216,-3.227038648910962,-1.223427395358583,-3.2161776562791955,-2.1978923032514457,-1.6129298025302894,-3.1942072564435895,0.0,-1.1606112871719858,-2.1530380674671847,-3.141603172404902,-3.141603172404902,-2.141603172404902,-3.130076919023874
hand,-2.5326888628859794,-2.40381328751421,-1.081034296087355,-1.6294241536783185,-2.5714032007085934,-1.9669460384385962,-1.7458220444166024,0.0,-1.6420892573219112,-4.625927920260046,-3.005529022973637,-4.54228865033147,-2.460527678508532,-2.456315427221617,-2.802228565845641,-4.352857334537674,-1.3269445241299398,-1.8814417441240447,-4.188210031840401,-4.143498383034009,-2.5141963433021175,-4.070049255393553,-0.6069372902683068,-2.0365831791174966,-4.015742835835636,-1.193039949444596,-2.9513522485656813,0.0,0.0,0.4008221331898017,-1.049157513131956,0.0,-3.826365471727151,-2.806647237112646,-2.219477092439838,-0.9926592227225949,-2.793350414499188,0.0,-1.163158659785034,-3.729624816888801,0.0,-3.7108882543072155,0.0,-3.691905150939642,0.0,0.0,-1.6726689320767247,-2.6653887061605666,-0.46596976357677977,-1.0284092476717963,-3.6057852539211455,-0.397317576221439,-3.556788220026585,-3.5462575525344158,-0.5409632528649029,0.04665370130223146,-3.5383087994189246,-3.5276418743670686,-1.1786962288412264,-3.492419400906866,-3.473091139972444,-3.473091139972444,-1.1455927870421352,-2.4535004116145633,-1.4163964169518237,0.0,-0.05341325380169068,-1.3693797904503364,-3.3693797904503366,-1.7633556742013508,0.0,-3.283223146700622,-1.2672816028316003,-0.6694378108137118,-2.251161937468323,0.0,-1.6300891433378863,-0.04179862489897557,0.0,0.0,-2.1608595436954463,-2.1608595436954463,-1.5724414843380707,0.0,0.0,-2.140000938797782,-2.1223853958808103,0.0,-0.5087828471157531,0.0,-3.0682102557297717,-3.0682102557297717,-3.0645252089219155,-3.053413253801691,0.0,-0.4383935192243551,-3.011921124883228,0.0,-3.011921124883228,-2.0003948715021997
day,-1.837237989300962,-2.0562857173495,-3.02301334311763,-2.5714032007085934,-0.25034784190507425,-2.7162800075264752,-4.687801091446877,0.6455589250969,-4.584068304352186,-3.5679069672903205,0.0,-2.8993051966405883,-0.5951518034812023,-1.0763663793645295,-3.3291701135970717,-0.7098738808467928,-3.2689235711602143,0.0,-2.54522657814952,-3.0854774300642833,-1.7192097961661859,-3.0120283024238272,0.0,-1.3935997254266153,0.0,-2.9423739185324744,-3.8933312955959556,-2.885327419084136,0.0,-1.541156913840473,0.0,-1.7705188899917628,-3.768344518757426,-3.74862628414292,-2.7464186401912687,-3.7419931918104736,0.0,0.0,-2.1051377068153085,-2.6716038639190756,-3.6622659993397395,-2.6528673013374897,-1.3238497816638077,-2.633884197969917,-2.6314936505449227,0.0,-0.44472297766468677,0.0,-2.5778738120493667,-1.970388294702071,0.0,0.0,-3.4987672670568597,-3.4882365995646905,-0.4829422998951774,1.0432741096078135,-3.4802878464491993,-2.4696209213973432,-2.4426033707588637,-3.43439844793714,-0.8301076862815624,-0.8301076862815624,-2.4094999289597725,-2.395479458644838,-2.358375463982098,-2.317320395719328,-3.317320395719328,-3.3113588374806113,-2.3113588374806113,0.0,-3.2596656032991183,0.0,-0.6242981491407188,0.0,0.0,-1.5951518034812024,-3.157030691089317,-1.153702673371563,-3.1335717182653284,-0.8048703947825394,-3.102838590725721,-1.5178760900045647,-1.0993830320895015,-3.09591917678593,-2.0854774300642833,-3.0819799858280565,-1.064364442911085,-2.0393356484195624,-1.0357243948671837,-2.0284746557877957,-3.010189302760046,-0.6882612078726837,-2.00650425595219,-1.4104298001108095,0.0,-2.965335066975786,-1.9539001719135023,-2.953900171913502,-0.6319720770261397,-2.9423739185324744
men,-1.4380997350084712,-2.589332078829438,-2.3190205072967185,-1.9669460384385962,-2.7162800075264752,-2.0122871717055633,-2.9838082556259655,0.0,-2.143109874365068,-3.448876632190565,-1.828477734904156,-1.5578824402043854,-4.283476390439051,-2.6943016384309804,0.0,-4.175806046468193,-1.8279651411730966,-4.026318550941927,-4.01115874377092,-1.6445190000771654,-2.3371450552326363,-2.3080354666029153,-0.42988600219882606,-1.8595318910480159,-1.5167634528787926,-2.238381082711563,-1.1893384597750443,-3.76629708398438,-2.76629708398438,-2.7440546736280798,0.0,-0.3295604600046448,-1.064351682936514,2.520151170461517,0.37261169490848683,-1.622962856710718,-1.6162991264297073,-3.589332078829438,-1.249141777549347,0.0,-3.543235664239984,-3.5338369662377342,-2.526747541451415,-1.929891362149005,-1.9275008147240111,-2.502861316333868,-2.4956176440072437,-2.488337418091086,-1.4588434769496113,-2.4363204603234716,-2.4287339658516647,-2.3901912895942705,-2.3797369319571042,-2.369206264464935,0.0,-2.361257511349444,-1.0393294164620814,-3.3505905862975878,0.26138946506204797,-2.3153681128373846,-0.4886849298453592,-0.9741117570156008,0.40997012428107493,-2.2764491235450826,-1.654382628161187,0.0,0.0,0.0,-3.192328502380856,0.0,-2.140635268199363,-1.521209357909985,-1.5052678140409634,-1.492386522744231,2.6263290687422494,0.0,-1.4530378552684056,0.0,-2.014541383165573,-3.0077681545701465,-2.9838082556259655,0.0,-1.980352696989746,-1.9768888416861745,-1.3814845942433718,0.0,-0.6234060129239669,0.0,-2.9166940597674285,0.0,-1.8911589676602907,-0.8911589676602907,-1.8874739208524345,-2.87636196573221,-0.046523029523227025,0.0,0.0,0.0,-2.8348698368137466,0.0
eye,-1.9121211594580567,-3.7832455840862877,-1.4160724733009789,-1.7458220444166024,-4.687801091446877,-2.9838082556259655,-3.5402918402675234,-3.492334042585995,-3.4365590531728323,-4.420397716110967,-2.0630332246583514,-3.336758446182391,-0.7955658557221559,-1.928857128185176,0.0,-4.147327130388596,0.1265131934627247,-0.8279146334200161,-2.3977173269701666,-1.6160400839975673,-2.8936286398741946,-2.8645190512444736,-1.2758762040353688,-2.2460904742472616,-0.10977291354546491,0.9055750507879712,-2.7458220444166024,0.0,0.0,-2.715575757548482,-1.6509822310404814,0.0,0.0,0.20623788909403726,0.5710156124303974,-2.59448394063112,-1.0028577096289533,0.0,-0.5425909563571115,0.0,0.0,0.0,-2.4982686253718165,0.0,-2.483984399365569,-2.47438240025427,-2.467138727927646,0.0,-0.8454020601488572,-1.085913449356511,-2.4002550497720665,-1.7767498727935163,-3.3512580158775065,0.0,-2.335433048715824,-1.7478160945486896,-2.3327785952698457,-3.3221116702179896,-2.29509411957951,-2.2868891967577865,0.0,0.0,-0.4546357557228148,-3.2479702074654844,-3.210866212802745,0.0,-2.1698111445399744,-3.1638495863012577,0.5365901318398346,-1.5578254700522718,-1.5271938513986083,-3.077692942551543,0.0,-1.0488701073857891,-0.04563173331924437,-1.4476425523018488,0.0,-0.006193422192209319,-2.986062467085975,-1.9792892384905483,-2.955329339546367,-1.370366838825211,0.3700543139772146,0.0,0.0,-1.9344707346487025,-1.3318926910105753,-0.891826397240209,1.281709857754482,0.0,0.30724494986162,-2.8626800515806927,-1.8589950047728365,1.5444343731261483,-2.825399035501233,-0.23286331507527605,-1.8063909207341486,0.0,0.0,-1.7948646673531212
night,-2.64177094044008,-3.3202502871259156,0.0,0.0,0.6455589250969,0.0,-3.492334042585995,-1.637021322846862,-4.388601255491304,-2.787477417708282,-3.3370035218641854,0.0,-3.2070396766779243,-0.8808993305036473,-4.133703064736189,-1.2920144106494629,-2.0734565222993324,-2.3649193364596437,0.0,-2.305047880482245,2.754241999994462,0.0,-3.8128809070749963,0.0,0.0,-2.7469068696715926,-3.6978642467350737,-1.6898603702232535,0.0,-2.6676179598669534,0.0,-2.5750518411308803,-2.5728774698965435,-3.5531592352820383,-0.2290234964430241,-1.9615636422284353,-2.5398624126685805,-2.512895365068311,0.0,-3.4761368150581933,-1.881836449757701,0.12756224824454854,-2.4503108276902883,0.0,-2.436026601684041,-1.104496507685379,-0.8342184295249612,0.0,-1.0604786683011223,-1.774921245841189,0.0,0.0,0.0,-1.707807049982652,-3.2874752510342953,0.17461082104898004,0.0,-3.2741538725364614,-1.2471363218979816,-1.6539688983551022,-0.6346406374206807,-3.219603138141837,-3.21403288009889,0.0,0.0,-0.7999252519710833,-3.121853346858446,0.0,-0.1158917886197289,-3.0948301730918995,-2.064198554438236,-1.0297351448700143,-3.0137936010009927,-3.0009123097042605,0.0,0.0,0.0,0.0,-2.938104669404446,0.0,-2.9073715418648387,-1.9073715418648385,-2.9039159832286194,-1.900452127925048,0.0,0.0,-1.2839348933290466,-0.2589060988375243,-0.25529484528514557,-1.2480451062057576,0.0,-1.8147222538991639,-2.811037207091308,-1.7999252519710836,0.0,-2.7698680181149036,0.0,0.0,0.0,-2.7469068696715926
foot,-2.8083883723633654,-2.679512796991597,-3.7717713048435852,-1.6420892573219112,-4.584068304352186,-2.143109874365068,-3.4365590531728323,-4.388601255491304,-2.3328262660781416,-4.316664929016276,0.0,0.0,-4.151264687264762,0.8071438744090276,-1.2705731532654232,0.0,-2.01768153288617,-0.8941068477676375,-2.2939845398754755,-3.834235391790239,-2.789895852779504,0.0,-2.172143416940678,0.0,-1.706479844591866,-2.69113188025843,-3.6420892573219112,-2.049122880088935,0.0,-2.6118429704537913,-2.5472494439457902,-3.519276851717718,-3.517102480483381,-2.4973842458688758,-1.1732485070298615,-2.4907511535364293,-3.4840874232554184,-3.4571203756551485,0.14610433145873544,-2.420361825645031,0.0,-1.4016252630634454,0.0,-2.3826421596958722,0.0,-1.3706496131595791,-0.19348093939064237,-3.356125714916797,-1.3266317737753224,-2.3041087571491827,-2.2965222626773754,-2.2579795864199816,-3.2475252287828154,-1.6520320605694896,-1.231700261621133,-3.229045808175155,-2.229045808175155,0.0,0.0,-1.1831564096630958,0.0,0.0,-1.573295389964572,-0.5592749196496374,-2.107133425708054,-3.0660783574452837,-1.0660783574452837,0.0,0.0,-0.7171270887913745,0.0,0.0,-1.9580186115878306,-1.3601748195699421,-2.9418989462245535,-2.9288722659283137,0.0,-2.9024606350975186,0.0,0.0,0.0,0.0,-2.8481409938154574,-2.8446771385118854,0.0,-1.8307379475540118,-2.81312240463704,0.0,-1.1995198558719833,0.0,0.0,0.0,0.0,0.0,-1.136703747685386,-1.7140930287017413,0.0,0.0,0.0,0.0
place,-1.9177579173853592,-2.078388959208575,-4.755609967781719,-4.625927920260046,-3.5679069672903205,-3.448876632190565,-4.420397716110967,-2.787477417708282,-4.316664929016276,-4.300503591954411,-3.2650671953891575,-3.2168643220258346,-1.5501408494817404,-3.130891098915982,-2.4768042375400054,-4.027433006232039,0.0,0.0,-2.862785703534766,-0.11763433658728131,-2.188772014996482,-2.744624927087917,-2.740944580599969,0.0,-1.6903185075300007,0.0,0.0,0.0,0.0,-3.5956816333919255,-3.531088106883925,-2.503115514655853,-1.5009411434215156,-2.4812229088070104,0.0,-1.4745898164745637,-1.1459979913061902,0.0,-3.422696832200555,-2.4042004885831654,0.0,-3.38546392600158,-2.3783745012152604,-1.7815183219128505,0.0,-3.3544882760977135,-0.5398896817134854,-1.7550018771337754,-3.310470436713457,-2.2879474200873173,0.0,0.0,-1.6464013909997937,-3.2208332242287803,0.0,-1.6279219703921333,0.0,-3.2022175460614335,-3.1751999954229535,-1.582032571880074,-3.1476668116668085,0.0,-1.5571340529027065,0.0,0.0,-3.049917020383418,0.0,-3.043955462144701,-0.23660054008709713,-1.4379313458957153,-2.992262227963208,-2.9577988183949864,-1.941857274525965,-1.9289759832292326,-1.3407751084415318,-2.912710928866449,0.0,-2.8862992980356528,-1.8661683429294185,-2.8593951143339917,0.0,0.0,-1.8319796567535918,-2.82851580145002,0.0,-0.4926485156047838,-2.796961067575175,0.0,-1.7683210195312737,-2.761071280451886,0.0,0.0,0.0,-2.7279889254960556,-2.7055049113446765,0.0,-2.6864967965775923,-2.6864967965775923,0.0,0.0
moment,-3.019825044570041,-2.0429525626433223,-3.135211070495311,-3.005529022973637,0.0,-1.828477734904156,-2.0630332246583514,-3.3370035218641854,0.0,-3.2650671953891575,-2.6446682981027485,-0.27453732985206347,-2.0996669536376436,-3.095454702350729,-4.026330341695909,-3.991996609666786,-1.3811212985378953,-2.257546613419363,0.0,-3.7826376581631207,-3.738298119152385,-3.7091885305226646,0.7539234346025815,-0.6757224542466085,-1.0699196102435915,-1.0545716459101555,-3.590491523694793,-1.997525146461817,0.0,-3.5602452368266726,-2.495651710318672,0.0,-2.4655047468562628,-2.4457865122417575,-2.4435788682901056,0.0,-3.4324896896282997,-1.4055226420280302,-1.802297934914146,-2.3687640920179125,0.0,-3.3500275294363266,0.0,0.0,0.0,-2.3190518795324606,0.0,0.0,-3.2750340401482037,-1.6675485228009084,-1.244924529050257,-3.2063818527928634,0.0,0.0,-2.1801025279940145,-2.1774480745480367,-2.1774480745480367,0.0,0.0,-3.1315586760359775,-3.1122304151015556,-0.7903023202141933,-3.1066601570586094,-3.092639686743675,-0.47057319135977926,0.0,-1.0144806238181652,-3.0085190655794483,-2.0085190655794483,0.0,-1.3718633306767989,-2.9223624218297335,0.0,-2.8935395866639797,0.0,-2.8772745323011955,-2.854190919188154,-1.2659004007492438,-1.8307319463641656,0.0,0.0,0.0,-2.7965432601883387,-1.2081169041636108,0.0,-2.7791402139268935,-2.761524671009922,0.0,-2.732884622966021,0.0,-1.1223870301377272,-2.7073495308588833,-1.7036644840510273,-2.6925525289308028,0.0,-1.6624952950746228,0.0,-2.6510604000123394,-2.6510604000123394,0.6823939482560508
thought,-3.7085877653729242,-1.3573197686647078,-2.671970697853144,-4.54228865033147,-2.8993051966405883,-1.5578824402043854,-3.336758446182391,0.0,0.0,-3.2168643220258346,-0.27453732985206347,-4.133225052097259,-2.0514640802743207,-3.047251828987406,-2.9781274683325862,-3.943793736303463,-2.3329184251745727,-3.7943062407771966,0.0,-0.9270798627421936,-2.1051327450679063,-1.6609856571593413,-0.8499503886137888,-1.0425570801621293,-1.606679237601425,-1.2694031783806263,-3.54228865033147,0.05067772690150607,-1.5342847738196501,-2.5120423634633497,-3.447448836955349,0.0,-0.6099469514353361,0.0,0.0,-1.3909505465459877,-1.799324315543821,-3.3573197686647074,-1.754095061550823,-1.7355987179334338,-2.3112233540752536,-2.3018246560730042,-3.2947352312866847,-3.282841552705431,0.04147708960692565,-1.6858865054479817,-3.2636053338425137,0.0,-1.641868666063725,-0.2043081501587416,-2.1967216556869342,-1.5732164787083844,-3.1477246217923742,0.0,-3.1318996546306916,-2.129245201184714,-3.129245201184714,-2.1185782761328573,-2.0915607254943778,-1.4983933019514986,-1.4790650410170767,-3.0640275417382328,0.0,0.0,-3.0073328187176127,0.0,-2.9662777504548425,0.0,-1.9603161922161254,-2.939254576688296,-1.3236604573134763,-1.8741595484664106,0.0,-2.845336713300657,-1.8420983392341124,-2.8290716589378726,0.0,-1.802660028107077,-2.7825290730008425,-2.775755844405416,-1.1668334447400788,-2.751795945461235,-2.748340386825016,-0.4229484366340818,-1.7344347847997978,-2.7309373405635706,-1.128359296925443,0.0,-2.684681749602698,0.0,-2.6591466574955605,0.0,-2.6554616106877047,-2.64434965556748,-2.621865641416101,0.0,0.0,0.0,0.0,-2.591331273267989
light,-1.6268267935499863,-2.275558796841769,0.0,-2.460527678508532,-0.5951518034812023,-4.283476390439051,-0.7955658557221559,-3.2070396766779243,-4.151264687264762,-1.5501408494817404,-2.0996669536376436,-2.0514640802743207,-1.9697031084513825,-2.9654908571644683,-1.5744384016222852,-1.5401046695931624,-0.8361199540727906,-3.712545268954258,-1.6973854617832522,0.15468110908074484,-0.80097935190852,-2.5792246853364036,-3.5755443388484545,0.0,-3.5249182657784868,-3.5095703014450508,-3.460527678508532,-3.452523801996712,-3.452523801996712,-1.8453188909192555,0.0,-2.337715272904339,-3.3355409016700017,0.3846170510855957,-1.3136150231038448,0.0,-2.3025258444420387,-2.275558796841769,-1.6723340897278849,-3.2388002468316515,-3.2294623822523154,-1.6351011835289098,-3.2129742594637465,-3.201080580882493,0.0,-3.1890880343461996,-0.5968818612984195,0.0,-3.1450701949619426,-0.31519225627819897,-3.114960683863996,0.0,0.0,-3.0554329824772664,-1.0501386828077535,-1.0474842293617754,-3.047484229361775,-1.4518548035887633,0.0,-3.0015948308497165,0.0,-1.3973040691941387,0.6082661888488075,-2.962675841557414,0.0,-1.884516778631904,-2.884516778631904,0.0,-1.2935927196720312,0.0,0.0,0.0,0.0,-0.7635757414777186,0.04701755464642985,0.0,0.0,0.0,-2.7007681011779043,-2.693994872582478,-2.670034973638297,-2.670034973638297,-1.6665794150020776,-2.663115559698506,-1.6526738129768594,0.0,-2.631560825823661,-0.6065320313321386,0.7190073171076026,-1.5956710387003719,-2.5773856856726223,-1.5773856856726223,0.0,0.0,0.0,0.0,0.06386594589507774,-2.5210965548260784,0.0,0.0
long,-3.622614542263072,0.7541885465522828,-2.5859974747432912,-2.456315427221617,-1.0763663793645295,-2.6943016384309804,-1.928857128185176,-0.8808993305036473,0.8071438744090276,-3.130891098915982,-3.095454702350729,-3.047251828987406,-2.9654908571644683,-1.6393505109901911,-2.3071917445015773,0.049070082414907915,-3.831907702785876,-1.7083330176673437,-2.693173210496338,-2.648461561689945,-2.60412202267921,-0.7676575119918847,-1.5713320875615404,-3.541546357773433,-1.1987779196042097,-3.5053580501581365,-0.28639042577930485,-2.4483115507097972,-2.4483115507097972,-1.841106639632341,-0.5541206917878921,-3.333503021617424,0.0,-0.9896823208812193,-0.5020478497593264,-3.3049773234361353,-1.2983135931551242,0.0,-3.2530843391621267,-3.234587995544737,0.0,0.0,1.4350941815978926,-1.1968683295955784,-1.194477782170584,-2.1848757830592853,-2.1776321107326613,-1.170351884816503,-0.1408579436750286,-3.1183349270488887,-1.1107484325770813,-3.0722057563196876,-1.0617513986825216,-2.0512207311903516,-3.045926431520839,-0.458309477353705,0.0,0.0,-0.6836594074971626,-1.9973825795628017,-0.9780543186283802,-0.39309181790722414,-0.972484060585434,-2.9584635902704997,-1.336397094886604,-0.8803045273449895,-2.8803045273449897,0.0,-0.8743429691062726,0.0,0.0,0.0,-2.7722447814875366,-2.759363490190804,0.0,0.0,-1.7200148227149787,-1.1317243042760683,-1.69655584989099,0.0,0.0,-2.665822722351382,-1.6623671637151631,-2.6589033084115914,0.0,-2.6449641174537177,0.0,-1.602319780045224,0.0,-2.5914587874134574,-1.5731734343857076,-2.5731734343857076,-2.569488387577852,0.0,-1.5358924183062481,-2.5283191986014475,-2.5168843035391637,-2.5168843035391637,-0.9319218028180077,0.6645669512841763
water,-1.4380129641883153,-2.687649012070276,-2.931910613367315,-2.802228565845641,-3.3291701135970717,0.0,0.0,-4.133703064736189,-1.2705731532654232,-2.4768042375400054,-4.026330341695909,-2.9781274683325862,-1.5744384016222852,-2.3071917445015773,-2.2380673838467566,-2.203733651817634,0.0,-3.639208657012523,-0.8166939277839134,-3.5793372010351248,-2.5349976620243893,-3.5058880733946687,0.0,0.0,0.0,0.0,-1.0652629716794346,-2.379187190054977,0.0,0.0,0.0,-3.2643786609626035,0.0,-1.2424860551137618,0.0,0.0,-3.2291892325003038,0.0,-2.183959978507306,-2.165463634889917,0.0,0.4382354284128252,0.0,0.0,-3.125353421515764,-1.115751422404465,-3.1085077500778406,-0.5162650234405265,-1.4867710822990519,-3.0492105663940685,0.0,-3.0030813956648674,-2.992627038027701,0.0,-1.9768020708660188,0.0,-2.9741476174200407,-2.9634806923681842,0.0,0.0,0.0,-1.90892995797356,0.0,-2.889339229615679,-0.8522352349529397,-2.811180166690169,-0.48925207180280655,0.0,-0.8052186084514524,-2.7841569929236227,0.0,0.0,0.0,0.0,-0.6870007554694394,0.0,-1.6508904620601583,0.0,-2.62743148923617,0.0,0.0,-2.596698361696562,-0.5932428030603427,-2.589778947756771,-2.5793372010351248,-2.5758397567988975,0.0,0.0,-0.5295841658380249,-1.522334426758637,-2.5040490737308874,-2.5040490737308874,0.0,-0.9042895710816505,0.0,-1.4591948379466269,0.0,0.0,-1.4477599428843437,0.0
hour,0.38773414602939005,-3.975243374928516,-3.482539382059348,-4.352857334537674,-0.7098738808467928,-4.175806046468193,-4.147327130388596,-1.2920144106494629,0.0,-4.027433006232039,-3.991996609666786,-3.943793736303463,-1.5401046695931624,0.049070082414907915,-2.203733651817634,-0.2949308018723704,-2.728449610101933,0.0,-2.004752617091239,-2.545003469006002,-2.5006639299952664,-2.471554341365546,0.0,-2.43808826508949,0.0,-2.401899957474193,0.0,-1.7598909573046984,0.0,-1.322611047669554,-3.258017521161553,-2.230044928933481,0.0,0.0,0.0,-1.616556730031036,-0.6098929997500251,-3.1678884528709115,-3.1496262464781837,-0.5461674021396381,0.0,-3.1123933402792083,0.0,-2.093410236911635,-3.0910196894866413,-3.081417690375342,1.2477540768386446,0.0,-2.0373998509910853,-3.0148768343649457,0.0,-0.9687476636357447,-2.9582933059985783,-1.9477626385064088,-0.6205402439495336,1.7040423043838069,-2.939813885390918,-1.9291469603390619,-1.317166908979426,-2.8939244868788587,-2.8745962259444373,-0.8745962259444372,0.0,-2.855005497586556,0.0,1.545081660226316,0.0,0.0,-2.77088487642233,0.0,0.0,-1.6847282326726152,-0.08382418808243733,-0.3339773026194988,0.0,0.0,-2.6165567300310357,0.0,-2.593097757207047,0.0,0.0,0.0,-2.5589090710312203,0.0,0.0,-2.5415060247697747,-0.9389279811316474,-2.498861687361281,0.0,-2.4880006947295144,0.0,0.0,0.0,0.0,0.0,0.0,-2.413426210855221,-2.413426210855221,-2.413426210855221,0.0
face,-3.07820613989255,-2.627402469633419,-1.6492716495940098,-1.3269445241299398,-3.2689235711602143,-1.8279651411730966,0.1265131934627247,-2.0734565222993324,-2.01768153288617,0.0,-1.3811212985378953,-2.3329184251745727,-0.8361199540727906,-3.831907702785876,0.0,-2.728449610101933,0.5453907137493873,-1.5789621145756658,-3.5638023074046603,-0.9341281578771111,0.0,-3.4456415309578112,-0.6346062624122587,-2.4121754546817553,-1.3913351113998946,0.793937854375854,-1.3269445241299398,0.0,-2.31894064761812,0.0,-1.6471422100326627,-2.2041321185257465,-1.6169952465702537,-0.18223951267690433,0.2793997499120447,0.0,0.0,0.0,0.5767262820706434,-3.1052170924530595,0.0,0.0,0.0,-2.067497426503901,0.0,0.0,0.0,-3.0409809817248257,-2.0114870405833507,-2.988964023957211,-2.9813775294854037,-1.9428348532280102,-2.9323804955908437,-1.9218498280986742,-1.9165555284291618,-2.9139010749831833,-2.9139010749831833,0.0,-0.5542885044054852,-2.868011676471124,-1.2637209148155466,0.0,1.8573265606473357,-2.829092687178822,0.0,0.0,-2.750933624253312,-2.7449720660145953,-0.160009565293439,0.0,-1.1083163311119462,0.0,0.0,-1.6299925870991265,-2.6267542130325823,-0.6137275327363424,0.0,-0.2653878070181843,-1.5671849467993124,0.0,0.0,-1.536451819259705,-1.5329962606234855,-2.529532405319914,0.0,-0.9306307136408843,-1.497977671445069,0.0,-1.4693376234011677,-0.8771253836006238,0.0,-2.44380253129403,0.0,-0.8440430286447935,0.0,0.40840662654783433,-2.3875134004474865,0.0,0.0,-1.3759871470664586
head,-1.4951998361367205,-2.8257558794022493,-2.0111237916457188,-1.8814417441240447,0.0,-4.026318550941927,-0.8279146334200161,-2.3649193364596437,-0.8941068477676375,0.0,-2.257546613419363,-3.7943062407771966,-3.712545268954258,-1.7083330176673437,-3.639208657012523,0.0,-1.5789621145756658,-3.4553874294571334,0.0,-3.395515973479735,-3.3511764344689996,0.0,-1.733423998630174,-1.7036382688420668,-1.2677604262813622,1.0695156329394364,-0.6184073382902512,0.0,-3.1953659624995874,-2.1731235521432875,-2.1085300256352864,0.0,-3.0783830621728776,0.0,-0.24910226154911633,-2.052031735225925,-2.045368004944914,0.0,-3.0001387509519164,0.0,0.0,-1.9629058447529413,0.0,-0.9439227413853684,-1.941532193960374,0.0,0.0,-2.917406296606293,-1.8879123554648183,0.0,0.0,-0.8192601681094777,-1.8088058104723115,-0.7982751429801418,0.014374078746975005,-1.2053638891434948,-2.790326389864651,0.0,-2.752641914174315,-0.744436991352592,-2.72510873041817,0.0,-1.719538472375224,-1.7055180020602896,-2.66841400739755,0.0,0.0,0.0,0.0,-2.600335765368233,-1.5697041467145696,-0.2133126422589857,0.0,-2.506417901980594,0.0,-2.49015284761781,-2.467069234504769,-0.4637412167870144,0.0,0.0,0.0,0.0,0.39793334655265106,0.17900478051977453,-2.395515973479735,-2.392018529243508,0.0,-2.349374191835014,-0.023834843395272854,0.0,-2.3202278461754977,0.0,-1.3165427993676417,0.0,0.0,-1.2753736103912374,-0.6789762146077979,0.0,-2.263938715328954,-2.252412461947926
sea,-0.13211672554540801,-4.8105960722312435,0.0,-4.188210031840401,-2.54522657814952,-4.01115874377092,-2.3977173269701666,0.0,-2.2939845398754755,-2.862785703534766,0.0,0.0,-1.6973854617832522,-2.693173210496338,-0.8166939277839134,-2.004752617091239,-3.5638023074046603,0.0,-0.25514281367280933,-1.795393665587573,-1.7510541265768376,0.0,-3.3032266921803246,-1.6884784616710609,-2.252600619110356,-3.2372526547769205,-3.1882100318404016,-1.5952436546074253,-2.1802061553285816,-3.1579637449722813,0.0,-3.0653976262362086,0.0,1.6003511693873584,-3.0412973764357143,-3.0368719280549192,-2.0302081977739084,0.0,0.0,0.0,0.0,-1.9477460375819355,-2.940656612795616,-2.9287629342143626,0.0,-2.9167703876780693,0.0,-2.9022464894352873,-0.8727525482938127,-1.850229531667673,0.0,-2.804100360938472,0.0,-0.7831153358091362,-1.7778210361396232,-2.775166582693645,-2.775166582693645,0.0,2.120498888124263,-1.729277184181586,-2.7099489232471643,0.459976078195148,-0.3824505703168559,0.0,-1.068291699505388,-1.6121991319637736,-2.6121991319637736,-1.0212750730039006,-1.606237573725057,0.0,-1.5545443395435639,-2.520080929975342,0.0,-1.4912580948095882,-0.4880197207430438,0.0,-2.4519094273337627,0.0,0.0,0.0,0.0,0.0,-2.3942617683339473,2.1941645876907803,0.0,-0.791896221351346,0.0,-2.3342143846640084,-0.7456406303904733,-2.323353392032242,-2.305068039004492,-0.7201055382833358,-1.3013829921966358,2.169160581560886,-1.2677870229250323,0.0,0.0,-1.2487789081579481,-1.2487789081579481,0.0
strange,-1.5728319039092564,-2.443956328537488,-1.6882179298345266,-4.143498383034009,-3.0854774300642833,-1.6445190000771654,-1.6160400839975673,-2.305047880482245,-3.834235391790239,-0.11763433658728131,-3.7826376581631207,-0.9270798627421936,0.15468110908074484,-2.648461561689945,-3.5793372010351248,-2.545003469006002,-0.9341281578771111,-3.395515973479735,-1.795393665587573,-3.3356445175023364,0.6155856171169174,-0.26219538986188023,-2.2585150433739316,-2.2287293135858244,0.0,0.0,0.0,-0.8135664116348262,-3.135494506522189,0.0,-1.0486585696578876,-3.0206859774298156,-3.0185116061954784,-1.9987933715809731,-1.4116232269081654,-2.9921602792485262,-0.9854965489675157,0.0,-1.9402672949745179,-2.9217709513571286,-0.9124330867777924,0.0,-2.895944963989223,-0.562123190520607,-1.8816607379829757,0.12794126112832352,-2.8648150665450522,-2.8575348406288943,-1.8280408994874198,-1.8055178828612803,0.0,0.0,-1.7489343544949127,-1.7384036870027433,-1.1481468866120743,-2.7304549338872524,-0.7304549338872521,-0.7197880088353963,-2.6927704581969163,1.5633619780683923,-0.6652372744407716,0.0,-1.6596670163978253,0.0,0.0,-2.567487483157381,-0.9825249824362248,0.0,0.0,0.0,-0.9248701900160149,-2.4753692811689496,0.0,0.0,-2.443308071936651,0.0,0.0,0.0,0.938189289183981,0.0,-2.3530056781637736,0.0,-1.3495501195275543,0.0,0.4717104045552678,-0.747184572544953,-0.7295690296279816,-0.28950273585761527,-2.2858914823052365,-1.2786417432258486,-0.26035639019809925,0.0,0.0,0.0,-0.6381128733974835,-2.2155021544138385,0.0,-2.2040672593515556,-2.2040672593515556,-0.19254100597052762
land,-2.5284923648985216,-2.7215448844141155,-2.2288408915449476,-2.5141963433021175,-1.7192097961661859,-2.3371450552326363,-2.8936286398741946,2.754241999994462,-2.789895852779504,-2.188772014996482,-3.738298119152385,-2.1051327450679063,-0.80097935190852,-2.60412202267921,-2.5349976620243893,-2.5006639299952664,0.0,-3.3511764344689996,-1.7510541265768376,0.6155856171169174,-3.246965439480866,-1.632893350129989,-2.2141755043631965,-0.014464773132776576,-2.1635494312932284,0.0,-3.0991588440232736,-2.0911549675114536,-3.0911549675114536,-3.068912557155153,0.0,-2.97634643841908,-1.9741720671847436,0.0,0.0,-0.362858239516635,-2.9411570099567803,0.0,-2.8959277559637826,0.0,-2.868093547767057,-0.536766754877445,0.0,0.0,-1.8373211989722402,-2.8277191998609412,-1.8204755275343172,0.0,-0.7837013604766844,-0.43925024896318243,0.0,0.0,0.0,-1.109101647270852,0.0,-2.686115394876517,-1.1011528941553608,0.0,0.0,0.0,0.0,-2.6208977354300367,1.192027444670514,0.0,0.24315190964818778,-2.5231479441466456,-2.5231479441466456,-2.5171863859079284,1.0677761148132274,-2.4961247703800993,-2.465493151726436,-0.846067241437058,-0.8301256975680364,0.0,-2.398968532925916,-2.385941852629676,-0.04093014462927239,-2.3595302217988805,-2.339399266692646,0.0,-2.3086661391530385,0.0,0.0,-0.30174672521324775,-2.291304978491601,-2.287807534255374,-0.2701919913384025,0.0,0.0,0.0,0.7839831488126363,-1.2160168511873637,0.5950231176780963,-0.6162573485381272,-2.1787358351079043,0.0,-2.15972772034082,0.0,1.4252347803803362,0.0
life,-1.6513858697138506,-2.370507200897032,-0.49929158477413454,-4.070049255393553,-3.0120283024238272,-2.3080354666029153,-2.8645190512444736,0.0,0.0,-2.744624927087917,-3.7091885305226646,-1.6609856571593413,-2.5792246853364036,-0.7676575119918847,-3.5058880733946687,-2.471554341365546,-3.4456415309578112,0.0,0.0,-0.26219538986188023,-1.632893350129989,-1.603783761500268,-2.1850659157334755,-3.1552801859453683,0.0,0.0,-1.4850867546723967,-3.0620453788817326,-3.0620453788817326,-3.039802968525432,0.0,-0.13988192773175542,-2.9450624785550223,0.0,-2.9231365999888657,0.0,-2.9120474213270597,0.0,-2.866818167334062,-2.8483218237166725,0.0,0.0,-1.2375333356276113,-2.8106021577675135,0.0,-1.7986096112312204,-1.7913659389045962,-2.784085712988438,-1.1696292711258074,-2.732068755220824,0.0,0.0,0.13186969520314742,-2.664954559362287,-1.0746977589716182,0.0,-2.6570058062467963,0.0,-0.6193213305564602,0.0,-2.5917881468003157,0.0,-1.5862178887573692,0.0,-2.535093423779695,0.0,-1.4940383555169248,0.0,-2.488076797278208,0.0,-2.4363835630967148,-2.401920153528493,-2.3859786096594715,-0.7881348176415833,-1.369858944296195,1.102599354637342,0.0,0.8395043682731528,0.0,-0.3035164494674986,-1.2795565505233173,-2.2795565505233175,-0.6911384911659425,0.04929095830383571,-0.26219538986188023,-1.258697945625653,0.5662725193489223,-2.2160536082171594,0.0,0.0,0.0,-0.18690726255764284,-2.1832222157497867,-2.1721102606295624,1.5508134716629087,0.0,-2.130618131711099,0.0,0.0,-2.1190918783300714
stood,-1.0102756026106103,-1.5188299478541334,-1.196050956427278,-0.6069372902683068,0.0,-0.42988600219882606,-1.2758762040353688,-3.8128809070749963,-2.172143416940678,-2.740944580599969,0.7539234346025815,-0.8499503886137888,-3.5755443388484545,-1.5713320875615404,0.0,0.0,-0.6346062624122587,-1.733423998630174,-3.3032266921803246,-2.2585150433739316,-2.2141755043631965,-2.1850659157334755,-3.181385569245527,-3.1515998394574196,-0.8088314012881962,-1.5304490311209669,-3.066368908905604,-3.0583650323937843,-0.7364369375064216,-3.0361226220374835,-1.3865665948083268,-1.9435565033014108,-2.9413821320670737,-1.9216638974525686,-1.334493752779761,0.0,-1.908367074839111,-0.5594719323514789,0.0,-0.037286555171119645,0.7496588880717686,0.0,-2.8188154898608184,-1.2219593105584088,0.0,-1.7949292647432717,-2.787685592416648,-0.4584772716131271,0.0,-1.1434259080117193,-0.7208019142610682,-2.6822592380036743,-1.086842379645352,-1.0763117121531824,0.0,0.0,0.0,-2.6426585347069915,-2.615640984068512,-2.6074360612467884,-2.588107800312367,0.0,0.0024249584517351905,-0.9835545712333301,0.0,-1.4903580090289763,-2.4903580090289763,-2.484396450790259,-2.484396450790259,-2.4633348352624296,-2.4327032166087665,0.0,0.0,-1.3694169718747908,-1.3661785978082464,-2.353151917512007,0.0,-2.3267402866812112,-2.3066093315749767,-2.29983610297955,-0.6909137033142129,0.724123795964631,-2.27242064539915,-1.2689567900955785,0.0,-1.2550175991377046,0.0,-1.212373261729211,-1.208762008176832,0.0,0.0,-2.1832269160696947,0.0,-0.5834674134204577,0.0,-0.5534101795642778,0.0,0.0,0.0,0.6919433902154811
captain,-2.4659166999927447,-3.6589692195083385,-4.166265226639171,-2.0365831791174966,-1.3935997254266153,-1.8595318910480159,-2.2460904742472616,0.0,0.0,0.0,-0.6757224542466085,-1.0425570801621293,0.0,-3.541546357773433,0.0,-2.43808826508949,-2.4121754546817553,-1.7036382688420668,-1.6884784616710609,-2.2287293135858244,-0.014464773132776576,-3.1552801859453683,-3.1515998394574196,-3.1218141096693124,-1.1009737663874515,-0.763697707166653,0.0,-1.4436168018845206,-3.0285793026056766,-1.4213743915282202,0.0,0.0,-1.9115964022789664,0.0,-1.8896705237128097,0.0,-2.878581345051004,-0.5296862025633716,-2.8333520910580057,0.0,0.0,0.0,0.0,0.0,-2.7747455340664637,-2.7651435349551643,-2.7578998626285403,0.0,-2.7211256955709073,-0.698602678944768,0.1163387375846431,0.0,0.0,0.0,-1.6261941834167184,-1.038577229249584,-1.038577229249584,0.0,0.0,-2.577650331458681,0.0,-0.9733595698031035,0.0,0.0,-1.5016273475036395,-2.460572279240869,-1.4605722792408689,-0.45461072100215194,-2.454610721002152,0.0,-0.8179549860995028,-0.36845407725243734,0.0,0.0,0.0,-1.3233661877238994,1.284679926110298,0.0,0.0,0.0,0.0,-2.2460904742472616,0.0,-2.239171060307471,0.0,0.0,0.0,0.0,-2.1789762783887245,-2.171726539309337,0.0,0.0,0.850243860526269,-0.5536816836323505,0.0,-2.1085869504973265,-2.097152055435043,-2.097152055435043,3.1123013101939065,-2.0856258020540155
looked,-3.1820419508770903,-2.316200781339115,-1.5604623826361539,-4.015742835835636,0.0,-1.5167634528787926,-0.10977291354546491,0.0,-1.706479844591866,-1.6903185075300007,-1.0699196102435915,-1.606679237601425,-3.5249182657784868,-1.1987779196042097,0.0,0.0,-1.3913351113998946,-1.2677604262813622,-2.252600619110356,0.0,-2.1635494312932284,0.0,-0.8088314012881962,-1.1009737663874515,-2.080133423105591,-0.25743053671455063,-3.0157428358356357,0.0,0.0,0.0,-1.9209030224595147,0.0,-1.8907560589971057,-0.5491097294952378,-1.2838676797097928,-1.8644047320501536,-0.0503860797115388,-1.2458114534477172,0.0,-2.7940154041587557,-1.7846775395794194,-2.77527884157717,0.0,-2.7562957382095967,-2.753905190784603,-2.744303191673304,0.0,-2.7297792934305214,0.0,-0.6777623356629074,-0.6701758411911001,-0.046670664212550034,0.0,0.0,-2.6053538401348577,0.0,0.0,0.0,0.0,0.0,-2.537481727242399,0.0,-2.5319114691994526,0.0,-2.480787004221779,-2.4397319359590077,0.0,-2.433770377720291,-2.433770377720291,0.0,0.0,0.0,0.0,0.0,-2.315552524738278,0.0,0.0,-2.276114213611243,0.0,0.0,0.0,-2.225250130965401,0.5855603497284224,0.0,0.0,0.0,0.0,0.0,0.0,0.0,0.0,0.0,0.0,-2.1178038410716455,0.0,0.0,-2.076311712153182,0.0,0.0,-0.47982295805099845
